  0  44.03  3.01
0.2  47.78  4.51
0.4  49.53  5.67
0.6  50.60  6.66
0.8  51.34  7.53
  1  51.89  8.32
1.2  52.32  9.05
1.4  52.67  9.72
1.6  52.96 10.35
1.8  53.20 10.95
  2  53.42 11.52
2.2  53.60 12.07
2.4  53.76 12.59
2.6  53.91 13.09
2.8  54.04 13.57
  3  54.16 14.04
3.2  54.27 14.49
3.4  54.37 14.93
3.6  54.46 15.36
3.8  54.54 15.77
  4  54.62 16.18
4.2  54.69 16.57
4.4  54.76 16.96
4.6  54.82 17.34
4.8  54.88 17.70
  5  54.94 18.07
5.2  54.99 18.42
5.4  55.05 18.77
5.6  55.09 19.11
5.8  55.14 19.45
  6  55.19 19.78
6.2  55.23 20.10
6.4  55.27 20.42
6.6  55.31 20.74
6.8  55.35 21.05
  7  55.39 21.36
7.2  55.43 21.66
7.4  55.46 21.96
7.6  55.50 22.25
7.8  55.53 22.54
  8  55.56 22.83
8.2  55.59 23.11
8.4  55.62 23.39
8.6  55.65 23.67
8.8  55.67 23.94
  9  55.70 24.21
9.2  55.72 24.48
9.4  55.74 24.75
9.6  55.76 25.01
9.8  55.78 25.27
 10  55.80 25.52
